Iteration	Best Cost	Tabu Violations	Aspiration Uses
1	4	0	0
2	3	0	0
3	2	0	0
4	2	1	0
5	2	1	0
6	2	1	0
7	2	1	0
8	2	1	0
9	2	1	0
10	2	1	0
11	2	1	0
12	2	1	0
13	2	1	0
14	2	1	0
15	2	1	0
16	2	1	0
17	2	1	0
18	2	0	0
19	2	0	0
20	2	0	0
21	2	0	0
22	2	0	0
23	2	0	0
24	2	0	0
25	2	1	0
26	2	1	0
27	2	1	0
28	2	1	0
29	2	0	0
30	2	0	0
31	2	1	0
32	2	1	0
33	2	1	0
34	2	1	0
35	2	1	0
36	2	1	0
37	2	1	0
38	2	1	0
39	2	1	0
40	2	1	0
41	2	1	0
42	2	1	0
43	2	1	0
44	2	1	0
45	2	1	0
46	2	1	0
47	2	1	0
48	2	1	0
49	2	0	0
50	2	0	0
51	2	0	0
52	2	0	0
53	2	0	0
54	2	0	0
55	2	0	0
56	2	0	0
57	2	0	0
58	2	0	0
59	2	0	0
60	2	1	0
61	2	1	0
62	2	1	0
63	2	1	0
64	2	1	0
65	2	1	0
66	2	1	0
67	2	1	0
68	2	1	0
69	2	1	0
70	2	1	0
71	2	1	0
72	2	1	0
73	2	1	0
74	2	1	0
75	2	1	0
76	2	0	0
77	2	0	0
78	2	0	0
79	2	0	0
80	2	0	0
81	2	1	0
82	2	1	0
83	2	1	0
84	2	1	0
85	2	1	0
86	2	1	0
87	2	1	0
88	2	1	0
89	2	1	0
90	2	1	0
91	2	1	0
92	2	1	0
93	2	1	0
94	2	1	0
95	2	1	0
96	2	1	0
97	2	0	0
98	2	0	0
99	2	0	0
100	2	0	0
101	2	0	0
102	2	0	0
103	2	0	0
104	2	0	0
105	2	0	0
106	2	1	0
107	2	1	0
108	2	1	0
109	2	1	0
110	2	1	0
111	2	1	0
112	2	1	0
113	2	1	0
114	2	0	0
115	2	0	0
116	2	1	0
117	2	1	0
118	2	1	0
119	2	1	0
120	2	1	0
121	2	1	0
122	2	1	0
123	2	1	0
124	2	1	0
125	2	1	0
126	2	1	0
127	2	1	0
128	2	0	0
129	2	0	0
130	2	0	0
131	2	1	0
132	2	1	0
133	2	1	0
134	2	1	0
135	2	1	0
136	2	1	0
137	2	1	0
138	2	1	0
139	2	1	0
140	2	1	0
141	2	1	0
142	2	1	0
143	2	1	0
144	2	1	0
145	2	1	0
146	2	1	0
147	2	0	0
148	2	0	0
149	2	0	0
150	2	0	0
151	2	0	0
152	2	1	0
153	2	1	0
154	2	1	0
155	2	1	0
156	2	1	0
157	2	1	0
158	2	1	0
159	2	1	0
160	2	1	0
161	2	1	0
162	2	1	0
163	2	1	0
164	2	1	0
165	2	1	0
166	2	1	0
167	2	1	0
168	2	0	0
169	2	0	0
170	2	0	0
171	2	0	0
172	2	0	0
173	2	0	0
174	2	0	0
175	2	0	0
176	2	0	0
177	2	1	0
178	2	1	0
179	2	1	0
180	2	1	0
181	2	1	0
182	2	1	0
183	2	1	0
184	2	1	0
185	2	0	0
186	2	0	0
187	2	1	0
188	2	1	0
189	2	1	0
190	2	1	0
191	2	1	0
192	2	1	0
193	2	1	0
194	2	1	0
195	2	1	0
196	2	1	0
197	2	1	0
198	2	1	0
199	2	0	0
200	2	0	0
201	2	0	0
202	2	1	0
203	2	1	0
204	2	1	0
205	2	1	0
206	2	1	0
207	2	1	0
208	2	1	0
209	2	1	0
210	2	1	0
211	2	1	0
212	2	1	0
213	2	1	0
214	2	1	0
215	2	1	0
216	2	1	0
217	2	1	0
218	2	0	0
219	2	0	0
220	2	0	0
221	2	0	0
222	2	0	0
223	2	1	0
224	2	1	0
225	2	1	0
226	2	1	0
227	2	1	0
228	2	1	0
229	2	1	0
230	2	1	0
231	2	1	0
232	2	1	0
233	2	1	0
234	2	1	0
235	2	1	0
236	2	1	0
237	2	1	0
238	2	1	0
239	2	0	0
240	2	0	0
241	2	0	0
242	2	0	0
243	2	0	0
244	2	0	0
245	2	0	0
246	2	0	0
247	2	0	0
248	2	1	0
249	2	1	0
250	2	1	0
251	2	1	0
252	2	1	0
253	2	1	0
254	2	1	0
255	2	1	0
256	2	0	0
257	2	0	0
258	2	1	0
259	2	1	0
260	2	1	0
261	2	1	0
262	2	1	0
263	2	1	0
264	2	1	0
265	2	1	0
266	2	1	0
267	2	1	0
268	2	1	0
269	2	1	0
270	2	0	0
271	2	0	0
272	2	0	0
273	2	1	0
274	2	1	0
275	2	1	0
276	2	1	0
277	2	1	0
278	2	1	0
279	2	1	0
280	2	1	0
281	2	1	0
282	2	1	0
283	2	1	0
284	2	1	0
285	2	1	0
286	2	1	0
287	2	1	0
288	2	1	0
289	2	0	0
290	2	0	0
291	2	0	0
292	2	0	0
293	2	0	0
294	2	1	0
295	2	1	0
296	2	1	0
297	2	1	0
298	2	1	0
299	2	1	0
300	2	1	0
301	2	1	0
302	2	1	0
303	2	1	0
304	2	1	0
305	2	1	0
306	2	1	0
307	2	1	0
308	2	1	0
309	2	1	0
310	2	0	0
311	2	0	0
312	2	0	0
313	2	0	0
314	2	0	0
315	2	0	0
316	2	0	0
317	2	0	0
318	2	0	0
319	2	1	0
320	2	1	0
321	2	1	0
322	2	1	0
323	2	1	0
324	2	1	0
325	2	1	0
326	2	1	0
327	2	0	0
328	2	0	0
329	2	1	0
330	2	1	0
331	2	1	0
332	2	1	0
333	2	1	0
334	2	1	0
335	2	1	0
336	2	1	0
337	2	1	0
338	2	1	0
339	2	1	0
340	2	1	0
341	2	0	0
342	2	0	0
343	2	0	0
344	2	1	0
345	2	1	0
346	2	1	0
347	2	1	0
348	2	1	0
349	2	1	0
350	2	1	0
351	2	1	0
352	2	1	0
353	2	1	0
354	2	1	0
355	2	1	0
356	2	1	0
357	2	1	0
358	2	1	0
359	2	1	0
360	2	0	0
361	2	0	0
362	2	0	0
363	2	0	0
364	2	0	0
365	2	1	0
366	2	1	0
367	2	1	0
368	2	1	0
369	2	1	0
370	2	1	0
371	2	1	0
372	2	1	0
373	2	1	0
374	2	1	0
375	2	1	0
376	2	1	0
377	2	1	0
378	2	1	0
379	2	1	0
380	2	1	0
381	2	0	0
382	2	0	0
383	2	0	0
384	2	0	0
385	2	0	0
386	2	0	0
387	2	0	0
388	2	0	0
389	2	0	0
390	2	1	0
391	2	1	0
392	2	1	0
393	2	1	0
394	2	1	0
395	2	1	0
396	2	1	0
397	2	1	0
398	2	0	0
399	2	0	0
400	2	1	0
401	2	1	0
402	2	1	0
403	2	1	0
404	2	1	0
405	2	1	0
406	2	1	0
407	2	1	0
408	2	1	0
409	2	1	0
410	2	1	0
411	2	1	0
412	2	0	0
413	2	0	0
414	2	0	0
415	2	1	0
416	2	1	0
417	2	1	0
418	2	1	0
419	2	1	0
420	2	1	0
421	2	1	0
422	2	1	0
423	2	1	0
424	2	1	0
425	2	1	0
426	2	1	0
427	2	1	0
428	2	1	0
429	2	1	0
430	2	1	0
431	2	0	0
432	2	0	0
433	2	0	0
434	2	0	0
435	2	0	0
436	2	1	0
437	2	1	0
438	2	1	0
439	2	1	0
440	2	1	0
441	2	1	0
442	2	1	0
443	2	1	0
444	2	1	0
445	2	1	0
446	2	1	0
447	2	1	0
448	2	1	0
449	2	1	0
450	2	1	0
451	2	1	0
452	2	0	0
453	2	0	0
454	2	0	0
455	2	0	0
456	2	0	0
457	2	0	0
458	2	0	0
459	2	0	0
460	2	0	0
461	2	1	0
462	2	1	0
463	2	1	0
464	2	1	0
465	2	1	0
466	2	1	0
467	2	1	0
468	2	1	0
469	2	0	0
470	2	0	0
471	2	1	0
472	2	1	0
473	2	1	0
474	2	1	0
475	2	1	0
476	2	1	0
477	2	1	0
478	2	1	0
479	2	1	0
480	2	1	0
481	2	1	0
482	2	1	0
483	2	0	0
484	2	0	0
485	2	0	0
486	2	1	0
487	2	1	0
488	2	1	0
489	2	1	0
490	2	1	0
491	2	1	0
492	2	1	0
493	2	1	0
494	2	1	0
495	2	1	0
496	2	1	0
497	2	1	0
498	2	1	0
499	2	1	0
500	2	1	0
