Iteration	Best Cost	Tabu Violations	Aspiration Uses
1	98	0	0
2	97	0	0
3	96	0	0
4	95	0	0
5	94	0	0
6	93	0	0
7	92	0	0
8	91	0	0
9	90	0	0
10	89	0	0
11	88	0	0
12	87	0	0
13	86	0	0
14	85	0	0
15	84	0	0
16	83	0	0
17	82	0	0
18	81	0	0
19	80	0	0
20	79	0	0
21	78	0	0
22	77	0	0
23	76	0	0
24	75	0	0
25	74	0	0
26	73	0	0
27	72	0	0
28	71	0	0
29	70	0	0
30	69	0	0
31	68	0	0
32	67	0	0
33	66	0	0
34	65	0	0
35	64	0	0
36	63	0	0
37	62	0	0
38	61	0	0
39	60	0	0
40	59	0	0
41	58	0	0
42	57	0	0
43	56	0	0
44	55	0	0
45	54	0	0
46	53	0	0
47	52	0	0
48	51	0	0
49	50	0	0
50	49	0	0
51	48	0	0
52	48	1	0
53	48	1	0
54	48	1	0
55	48	1	0
56	47	0	0
57	47	1	0
58	47	1	0
59	47	1	0
60	47	1	0
61	47	1	0
62	47	1	0
63	47	1	0
64	47	1	0
65	47	1	0
66	47	1	0
67	47	1	0
68	47	1	0
69	47	1	0
70	47	1	0
71	47	1	0
72	47	1	0
73	47	1	0
74	47	1	0
75	47	1	0
76	47	1	0
77	47	1	0
78	47	1	0
79	47	1	0
80	47	1	0
81	47	1	0
82	47	1	0
83	47	1	0
84	47	1	0
85	47	1	0
86	47	1	0
87	47	1	0
88	47	1	0
89	47	1	0
90	47	1	0
91	47	1	0
92	47	1	0
93	47	1	0
94	47	1	0
95	47	1	0
96	47	1	0
97	47	1	0
98	47	1	0
99	47	1	0
100	47	1	0
101	47	1	0
102	47	1	0
103	47	1	0
104	47	1	0
105	47	1	0
106	47	1	0
107	47	1	0
108	47	1	0
109	47	1	0
110	47	1	0
111	47	1	0
112	47	1	0
113	47	1	0
114	47	1	0
115	47	1	0
116	47	1	0
117	47	1	0
118	47	1	0
119	47	1	0
120	47	1	0
121	47	1	0
122	47	1	0
123	47	1	0
124	47	1	0
125	47	1	0
126	47	1	0
127	47	1	0
128	47	1	0
129	47	1	0
130	47	1	0
131	47	1	0
132	47	1	0
133	47	1	0
134	47	1	0
135	47	1	0
136	47	1	0
137	47	1	0
138	47	1	0
139	47	1	0
140	47	1	0
141	47	1	0
142	47	1	0
143	47	1	0
144	47	1	0
145	47	1	0
146	47	1	0
147	47	1	0
148	47	1	0
149	47	1	0
150	47	1	0
151	47	1	0
152	47	1	0
153	47	1	0
154	47	1	0
155	47	1	0
156	47	1	0
157	47	1	0
158	47	1	0
159	47	1	0
160	47	1	0
161	47	1	0
162	47	1	0
163	47	1	0
164	47	1	0
165	47	1	0
166	47	1	0
167	47	1	0
168	47	1	0
169	47	1	0
170	47	1	0
171	47	1	0
172	47	1	0
173	47	1	0
174	47	1	0
175	47	1	0
176	47	1	0
177	47	1	0
178	47	1	0
179	47	1	0
180	47	1	0
181	47	1	0
182	47	1	0
183	47	1	0
184	47	1	0
185	47	1	0
186	47	1	0
187	47	1	0
188	47	1	0
189	47	1	0
190	47	1	0
191	47	1	0
192	47	1	0
193	47	1	0
194	47	1	0
195	47	1	0
196	47	1	0
197	47	1	0
198	47	1	0
199	47	1	0
200	47	1	0
201	47	1	0
202	47	1	0
203	47	1	0
204	47	1	0
205	47	1	0
206	47	1	0
207	47	1	0
208	47	1	0
209	47	1	0
210	47	1	0
211	47	1	0
212	47	1	0
213	47	1	0
214	47	1	0
215	47	1	0
216	47	1	0
217	47	1	0
218	47	1	0
219	47	1	0
220	47	1	0
221	47	1	0
222	47	1	0
223	47	1	0
224	47	1	0
225	47	1	0
226	47	1	0
227	47	1	0
228	47	1	0
229	47	1	0
230	47	1	0
231	47	1	0
232	47	1	0
233	47	1	0
234	47	1	0
235	47	1	0
236	47	1	0
237	47	1	0
238	47	1	0
239	47	1	0
240	47	1	0
241	47	1	0
242	47	1	0
243	47	1	0
244	47	1	0
245	47	1	0
246	47	1	0
247	47	1	0
248	47	1	0
249	47	1	0
250	47	1	0
251	47	1	0
252	47	1	0
253	47	1	0
254	47	1	0
255	47	1	0
256	47	1	0
257	47	1	0
258	47	1	0
259	47	1	0
260	47	1	0
261	47	1	0
262	47	1	0
263	47	1	0
264	47	1	0
265	47	1	0
266	47	1	0
267	47	1	0
268	47	1	0
269	47	1	0
270	47	1	0
271	47	1	0
272	47	1	0
273	47	1	0
274	47	1	0
275	47	1	0
276	47	1	0
277	47	1	0
278	47	1	0
279	47	1	0
280	47	1	0
281	47	1	0
282	47	1	0
283	47	1	0
284	47	1	0
285	47	1	0
286	47	1	0
287	47	1	0
288	47	1	0
289	47	1	0
290	47	1	0
291	47	1	0
292	47	1	0
293	47	1	0
294	47	1	0
295	47	1	0
296	47	1	0
297	47	1	0
298	47	1	0
299	47	1	0
300	47	1	0
301	47	1	0
302	47	1	0
303	47	1	0
304	47	1	0
305	47	1	0
306	47	1	0
307	47	1	0
308	47	1	0
309	47	1	0
310	47	1	0
311	47	1	0
312	47	1	0
313	47	1	0
314	47	1	0
315	47	1	0
316	47	1	0
317	47	1	0
318	47	1	0
319	47	1	0
320	47	1	0
321	47	1	0
322	47	1	0
323	47	1	0
324	47	1	0
325	47	1	0
326	47	1	0
327	47	1	0
328	47	1	0
329	47	1	0
330	47	1	0
331	47	1	0
332	47	1	0
333	47	1	0
334	47	1	0
335	47	1	0
336	47	1	0
337	47	1	0
338	47	1	0
339	47	1	0
340	47	1	0
341	47	1	0
342	47	1	0
343	47	1	0
344	47	1	0
345	47	1	0
346	47	1	0
347	47	1	0
348	47	1	0
349	47	1	0
350	47	1	0
351	47	1	0
352	47	1	0
353	47	1	0
354	47	1	0
355	47	1	0
356	47	1	0
357	47	1	0
358	47	1	0
359	47	1	0
360	47	1	0
361	47	1	0
362	47	1	0
363	47	1	0
364	47	1	0
365	47	1	0
366	47	1	0
367	47	1	0
368	47	1	0
369	47	1	0
370	47	1	0
371	47	1	0
372	47	1	0
373	47	1	0
374	47	1	0
375	47	1	0
376	47	1	0
377	47	1	0
378	47	1	0
379	47	1	0
380	47	1	0
381	47	1	0
382	47	1	0
383	47	1	0
384	47	1	0
385	47	1	0
386	47	1	0
387	47	1	0
388	47	1	0
389	47	1	0
390	47	1	0
391	47	1	0
392	47	1	0
393	47	1	0
394	47	1	0
395	47	1	0
396	47	1	0
397	47	1	0
398	47	1	0
399	47	1	0
400	47	1	0
401	47	1	0
402	47	1	0
403	47	1	0
404	47	1	0
405	47	1	0
406	47	1	0
407	47	1	0
408	47	1	0
409	47	1	0
410	47	1	0
411	47	1	0
412	47	1	0
413	47	1	0
414	47	1	0
415	47	1	0
416	47	1	0
417	47	1	0
418	47	1	0
419	47	1	0
420	47	1	0
421	47	1	0
422	47	1	0
423	47	1	0
424	47	1	0
425	47	1	0
426	47	1	0
427	47	1	0
428	47	1	0
429	47	1	0
430	47	1	0
431	47	1	0
432	47	1	0
433	47	1	0
434	47	1	0
435	47	1	0
436	47	1	0
437	47	1	0
438	47	1	0
439	47	1	0
440	47	1	0
441	47	1	0
442	47	1	0
443	47	1	0
444	47	1	0
445	47	1	0
446	47	1	0
447	47	1	0
448	47	1	0
449	47	1	0
450	47	1	0
451	47	1	0
452	47	1	0
453	47	1	0
454	47	1	0
455	47	1	0
456	47	1	0
457	47	1	0
458	47	1	0
459	47	1	0
460	47	1	0
461	47	1	0
462	47	1	0
463	47	1	0
464	47	1	0
465	47	1	0
466	47	1	0
467	47	1	0
468	47	1	0
469	47	1	0
470	47	1	0
471	47	1	0
472	47	1	0
473	47	1	0
474	47	1	0
475	47	1	0
476	47	1	0
477	47	1	0
478	47	1	0
479	47	1	0
480	47	1	0
481	47	1	0
482	47	1	0
483	47	1	0
484	47	1	0
485	47	1	0
486	47	1	0
487	47	1	0
488	47	1	0
489	47	1	0
490	47	1	0
491	47	1	0
492	47	1	0
493	47	1	0
494	47	1	0
495	47	1	0
496	47	1	0
497	47	1	0
498	47	1	0
499	47	1	0
500	47	1	0
